3,143,184,224,248,207,69,125,253,120
78,31,172,202,149,33,148,142,27,210
215,207,154,170,190,143,149,171,221,72
50,3,28,212,129,218,213,127,52,194
102,16,13,197,205,62,62,109,183,67
208,70,52,244,212,249,206,150,8,71
251,172,54,232,4,224,253,243,254,34
201,7,21,158,205,59,7,78,210,136
76,173,207,184,36,208,133,66,101,28
80,209,243,171,111,51,161,251,60,218
145,211,218,205,37,135,42,233,96,225
11,14,34,163,22,61,55,114,200,1
224,246,120,103,210,147,144,123,15,184
40,67,39,255,127,254,229,254,147,3
253,130,34,113,253,3,150,0,182,229
143,227,200,135,87,227,60,60,158,158
168,9,83,205,169,14,237,123,21,84
227,244,57,151,244,119,144,98,139,167
243,226,247,165,87,200,27,111,199,138
103,29,8,164,118,193,51,41,193,36
110,132,69,235,128,210,140,19,92,65
240,232,226,211,64,30,69,138,32,187
252,244,250,130,79,237,61,164,254,70
231,101,22,129,116,204,196,23,100,131
16,157,242,168,2,4,1,105,174,0
178,61,39,235,3,255,133,254,13,43
120,2,19,199,64,74,48,45,209,13
255,244,4,252,138,6,243,178,252,2
184,90,30,146,117,148,48,180,54,195
248,60,3,134,203,222,242,38,151,225
