2,158,125,234,254,148,221,226,203,87
133,238,250,192,67,158,34,228,202,245
57,178,114,247,203,147,195,248,81,133
187,122,73,200,34,72,0,227,43,163
21,171,233,169,6,1,0,62,186,5
147,35,27,211,0,255,251,255,3,132
240,189,4,238,142,4,254,236,254,0
252,114,56,218,236,250,180,28,70,227
99,199,192,178,178,244,81,88,41,167
144,200,106,220,212,255,215,230,70,235
48,44,48,168,216,146,148,193,100,177
244,217,12,247,39,86,249,252,250,29
3,30,9,144,71,35,13,87,185,60
196,109,136,241,150,41,64,38,32,85
51,65,56,250,78,41,182,4,197,232
237,96,38,165,3,238,51,254,29,27
225,245,229,171,234,89,96,143,78,237
48,27,76,173,0,160,149,26,6,53
206,28,44,217,28,100,243,134,176,4
41,137,106,235,245,120,247,198,114,144
