250,211,15,102,147,6,161,189,249,2
253,51,57,137,42,78,227,32,202,238
156,235,125,206,216,3,223,155,236,233
127,196,73,195,95,234,111,160,59,6
12,9,4,130,7,139,40,44,222,45
184,206,172,254,50,147,254,41,169,75
239,144,59,128,45,147,216,238,226,63
244,78,91,190,110,54,7,98,253,133
54,128,123,164,150,13,227,211,244,133
237,136,58,222,15,188,220,253,244,2
87,190,56,181,75,87,91,130,52,213
26,12,84,108,169,166,122,174,123,254
124,199,49,209,138,162,208,137,138,15
91,248,105,226,62,61,197,253,19,81
100,215,90,241,154,1,91,179,39,103
232,19,19,168,100,180,125,98,220,150
241,15,135,193,161,5,92,216,217,72
239,119,45,224,81,75,212,82,0,149
210,119,199,178,240,128,168,244,5,217
251,143,28,173,132,182,240,226,27,100
72,38,37,147,149,23,7,65,138,197
4,160,248,161,1,133,164,3,8,0
167,43,21,210,0,255,236,254,3,113
243,149,14,198,254,0,255,245,15,230
143,35,40,113,24,128,86,69,252,87
239,14,9,108,149,0,255,2,100,179
215,148,127,119,212,17,210,108,163,3
240,87,7,183,228,254,186,242,78,226
248,250,193,115,124,198,187,128,24,132
91,217,247,100,24,150,159,234,39,215
230,186,218,119,72,60,126,212,44,253
133,249,208,109,33,236,66,77,164,230
201,106,158,214,174,251,85,226,51,186
18,63,161,143,247,202,240,124,77,114
158,36,135,210,42,122,91,26,209,53
